<!DOCTYPE html>

<html xmlns="http://www.w3.org/1999/xhtml">

<head>

<meta charset="utf-8" />
<meta http-equiv="Content-Type" content="text/html; charset=utf-8" />
<meta name="generator" content="pandoc" />




<title>SelvarMix</title>

<script src="site_libs/jquery-1.11.3/jquery.min.js"></script>
<meta name="viewport" content="width=device-width, initial-scale=1" />
<link href="site_libs/bootstrap-3.3.5/css/journal.min.css" rel="stylesheet" />
<script src="site_libs/bootstrap-3.3.5/js/bootstrap.min.js"></script>
<script src="site_libs/bootstrap-3.3.5/shim/html5shiv.min.js"></script>
<script src="site_libs/bootstrap-3.3.5/shim/respond.min.js"></script>
<script src="site_libs/navigation-1.1/tabsets.js"></script>
<link href="site_libs/highlightjs-1.1/default.css" rel="stylesheet" />
<script src="site_libs/highlightjs-1.1/highlight.js"></script>
<link href="site_libs/ionicons-2.0.1/css/ionicons.min.css" rel="stylesheet" />

<style type="text/css">code{white-space: pre;}</style>
<style type="text/css">
  pre:not([class]) {
    background-color: white;
  }
</style>
<script type="text/javascript">
if (window.hljs && document.readyState && document.readyState === "complete") {
   window.setTimeout(function() {
      hljs.initHighlighting();
   }, 0);
}
</script>



<style type="text/css">
h1 {
  font-size: 34px;
}
h1.title {
  font-size: 38px;
}
h2 {
  font-size: 30px;
}
h3 {
  font-size: 24px;
}
h4 {
  font-size: 18px;
}
h5 {
  font-size: 16px;
}
h6 {
  font-size: 12px;
}
.table th:not([align]) {
  text-align: left;
}
</style>

<link rel="stylesheet" href="style.css" type="text/css" />

</head>

<body>

<style type = "text/css">
.main-container {
  max-width: 940px;
  margin-left: auto;
  margin-right: auto;
}
code {
  color: inherit;
  background-color: rgba(0, 0, 0, 0.04);
}
img {
  max-width:100%;
  height: auto;
}
.tabbed-pane {
  padding-top: 12px;
}
button.code-folding-btn:focus {
  outline: none;
}
</style>


<style type="text/css">
/* padding for bootstrap navbar */
body {
  padding-top: 61px;
  padding-bottom: 40px;
}
/* offset scroll position for anchor links (for fixed navbar)  */
.section h1 {
  padding-top: 66px;
  margin-top: -66px;
}

.section h2 {
  padding-top: 66px;
  margin-top: -66px;
}
.section h3 {
  padding-top: 66px;
  margin-top: -66px;
}
.section h4 {
  padding-top: 66px;
  margin-top: -66px;
}
.section h5 {
  padding-top: 66px;
  margin-top: -66px;
}
.section h6 {
  padding-top: 66px;
  margin-top: -66px;
}
</style>

<script>
// manage active state of menu based on current page
$(document).ready(function () {
  // active menu anchor
  href = window.location.pathname
  href = href.substr(href.lastIndexOf('/') + 1)
  if (href === "")
    href = "index.html";
  var menuAnchor = $('a[href="' + href + '"]');

  // mark it active
  menuAnchor.parent().addClass('active');

  // if it's got a parent navbar menu mark it active as well
  menuAnchor.closest('li.dropdown').addClass('active');
});
</script>


<div class="container-fluid main-container">

<!-- tabsets -->
<script>
$(document).ready(function () {
  window.buildTabsets("TOC");
});
</script>

<!-- code folding -->






<div class="navbar navbar-default  navbar-fixed-top" role="navigation">
  <div class="container">
    <div class="navbar-header">
      <button type="button" class="navbar-toggle collapsed" data-toggle="collapse" data-target="#navbar">
        <span class="icon-bar"></span>
        <span class="icon-bar"></span>
        <span class="icon-bar"></span>
      </button>
      <a class="navbar-brand" href="index.html">Acceuil</a>
    </div>
    <div id="navbar" class="navbar-collapse collapse">
      <ul class="nav navbar-nav">
        <li class="dropdown">
  <a href="#" class="dropdown-toggle" data-toggle="dropdown" role="button" aria-expanded="false">
    <span class="ion ion-easel"></span>
     
    Enseignements
     
    <span class="caret"></span>
  </a>
  <ul class="dropdown-menu" role="menu">
    <li class="dropdown-header">M2R santé publique</li>
    <li>
      <a href="MANprobastat.html">Mise à niveau probabilité et statistiques</a>
    </li>
    <li>
      <a href="MANmatrice.html">Mise à niveau Matrices</a>
    </li>
    <li>
      <a href="ml.html">Modèle linéaire</a>
    </li>
    <li>
      <a href="statmath.html">Statistique mathématique</a>
    </li>
    <li class="divider"></li>
    <li class="dropdown-header">M2 MathSV</li>
    <li>
      <a href="genpops.html">Modèles de génétique des populations neutre</a>
    </li>
    <li class="divider"></li>
    <li class="dropdown-header">MOOC d'introduction à la statistique avec R</li>
    <li>
      <a href="devoir.html">Devoir ENS 2016-2017</a>
    </li>
  </ul>
</li>
<li>
  <a href="recherche.html">Recherche</a>
</li>
<li class="dropdown">
  <a href="#" class="dropdown-toggle" data-toggle="dropdown" role="button" aria-expanded="false">
    <span class="ion ion-settings"></span>
     
    Packages et logiciels
     
    <span class="caret"></span>
  </a>
  <ul class="dropdown-menu" role="menu">
    <li class="dropdown-header">Model selection in model-based clustering</li>
    <li>
      <a href="VarSelLCM.html">Exact ICL optimization</a>
    </li>
    <li>
      <a href="npdataclustering.html">Model selection in mixed data clustering</a>
    </li>
    <li>
      <a href="SelvarMix.html">Lasso regularization</a>
    </li>
    <li class="divider"></li>
    <li class="dropdown-header">Model Selection in Binary data</li>
    <li>
      <a href="MHTrajectoryR.html">Logistic binary data regression</a>
    </li>
    <li>
      <a href="MvBinary.html">Modeling high-dimensional binary data</a>
    </li>
  </ul>
</li>
      </ul>
      <ul class="nav navbar-nav navbar-right">
        
      </ul>
    </div><!--/.nav-collapse -->
  </div><!--/.container -->
</div><!--/.navbar -->

<div class="fluid-row" id="header">



<h1 class="title toc-ignore"><strong>SelvarMix</strong></h1>

</div>


<p><em>SelvarMix: A R package for variable selection in model-based clustering and discriminant analysis with a regularization approach.</em></p>
<p><strong>Description:</strong></p>
<ul>
<li><em>Authors</em>: <strong>Gilles Celeux</strong> and <strong>Cathy Maugis-Rabusseau</strong> and <strong>Mohammed A. Sedki</strong>.</li>
<li><em>License</em>: <a href="http://www.gnu.org/licenses/gpl-2.0.html">GPL-2</a>.</li>
<li><p><em>Download SelvarMix 1.2 (beta version)</em>: <a href="http://r-forge.r-project.org/R/?group_id=2044">link</a>.</p></li>
<li><em>Download SelvarMix 1.1 (cran version)</em>: <a href="http://cran.r-project.org/web/packages/SelvarMix/">link</a>.</li>
<li><p><em>Reference</em>: <a href="https://hal.archives-ouvertes.fr/hal-01053784/">SelvarMix: A R package for variable selection in model-based clustering and discriminant analysis with a regularization approach</a>, Celeux, G., and Maugis-Rabusseau, C. and Sedki, M. 2016, preprint.</p></li>
</ul>
<p><a id="top"></a> <strong>Site map:</strong></p>
<ul>
<li><a href="#intro">Introduction</a>.</li>
<li><a href="#dataset">Synthetic dataset</a>.</li>
<li><a href="#clust">Variable selection in model-based clustering</a>.</li>
<li><a href="#discrim">Variable selection in classification</a>.</li>
</ul>
<p>All the experiments are implemented with SelvarMix 1.2 <a id="intro"></a></p>
<div id="introduction" class="section level3">
<h3>Introduction</h3>
<p><em>SelvarMix</em> package carries out a regularization approach of variable selection in the model-based clustering and classification frameworks. First, the variables are ranked with a lasso-like procedure. Second, the method of <span class="citation">(Maugis, Celeux, and Martin-Magniette 2009; Maugis, Celeux, and Martin-Magniette 2011)</span> is adapted to define the role of variables in the two frameworks. This variable ranking allows us to avoid the painfully slow stepwise forward or backward algorithms of <span class="citation">(Maugis, Celeux, and Martin-Magniette 2009)</span>. Thus, SelvarMix provides a much faster variable selection procedure than <span class="citation">(Maugis, Celeux, and Martin-Magniette 2009; Maugis, Celeux, and Martin-Magniette 2011)</span> allowing to study high-dimensional datasets.</p>
<p>Tool functions <em>summary and print</em> facilitate the result interpretation.</p>
</div>
<div id="overview-of-the-selvarmix-functions" class="section level3">
<h3>Overview of the SelvarMix functions</h3>
<p>This section presents the whole analysis of a simulated data set. It makes use all the functions implemented in the package <em>SelvarMix</em> and may be regarded as a tutorial.</p>
<p>The cluster analysis is performed with an unknown number of clusters. An information criterion is used for variable selection and choosing the number of clusters. The chosen model is described in a summary.</p>
<p><strong>The synthetic dataset</strong></p>
<p>The simulated dataset consists of 2000 data points in <span class="math inline">\(\mathbb{R}^{14}\)</span>. On the subset of relevant clustering variables <span class="math inline">\(S = \{1, 2\}\)</span>, data are distributed according to a mixture of four equiprobable spherical Gaussian distributions with means <span class="math inline">\((0,0), (3,0)  (0,3)\)</span> and <span class="math inline">\((3,3)\)</span>. The subset of redundant variables is <span class="math inline">\(U =\{3-11\}\)</span>. These variables are explained by the subset of predictor variables <span class="math inline">\(R = \{1,2\}\)</span> through a linear regression. The last three variables <span class="math inline">\(W = \{12, 13, 14\}\)</span> are independent. More details are given in <span class="citation">(Maugis, Celeux, and Martin-Magniette 2009)</span>.</p>
<p><a id="tutorial"></a></p>
<pre class="r"><code>set.seed(123)
n &lt;- 2000; p &lt;- 14
x &lt;- matrix(0,n, p)
x[,1] &lt;- rnorm(n,0,1)
x[,2] &lt;- rnorm(n,0,1)
z &lt;-  sample(1:4, n, rep=T)
x[z==2, 1] &lt;- x[z==2, 1] + 3
x[z==3, 2] &lt;- x[z==3, 2] + 3
x[z==4, 1] &lt;- x[z==4, 1] + 3
x[z==4, 2] &lt;- x[z==4, 2] + 3

omega &lt;- matrix(0, 9, 9); diag(omega)[1:3] &lt;- rep(1,3); diag(omega)[4:5] &lt;- rep(0.5,2)
rtmat1 &lt;- matrix(c(cos(pi/3), -sin(pi/3), sin(pi/3), cos(pi/3)), ncol = 2, byrow = TRUE)
rtmat2 &lt;- matrix(c(cos(pi/6), -sin(pi/6), sin(pi/6), cos(pi/6)), ncol = 2, byrow = TRUE)
omega[6:7, 6:7] &lt;- t(rtmat1) %*% diag(c(1,3)) %*% rtmat1
omega[8:9, 8:9] &lt;- t(rtmat2) %*% diag(c(2,6)) %*% rtmat2
b &lt;- cbind(c(0.5,1), c(2,0), c(0,3), c(-1,2), c(2,-4), c(0.5,0), c(4,0.5), c(3,0), c(2,1))
x[,3:11] &lt;- c(0, 0, seq(0.4, 2, len=7)) + x[,1:2]%*%b + t(t(chol(omega)) %*% matrix(rnorm(n*9), 9, n)) 
x[,12:14] &lt;- matrix(rnorm(3*n), n, 3)
x[,12] &lt;- x[,12] + 3.2; x[,13] &lt;- x[,13] + 3.6; x[,13] &lt;- x[,13] + 4</code></pre>
<ul>
<li><a href="#top">Go to the top</a></li>
</ul>
<p><a id="clust"></a> <strong>Variable selection and selection of the number of clusters in the clustering framework</strong></p>
<pre class="r"><code># Cluster analysis with variable selection with parallel computing (8 cores) 
# The last two input arguments are optional
require(SelvarMix)</code></pre>
<pre><code>Loading required package: SelvarMix</code></pre>
<pre><code>Loading required package: glasso</code></pre>
<pre><code>Loading required package: Rmixmod</code></pre>
<pre><code>Loading required package: Rcpp</code></pre>
<pre><code>Rmixmod version 2.1.1 loaded
R package of mixmodLib version 3.2.2

Condition of use
----------------
Copyright (C)  MIXMOD Team - 2001-2013

MIXMOD is publicly available under the GPL license (see www.gnu.org/copyleft/gpl.html)
You can redistribute it and/or modify it under the terms of the GPL-3 license.
Please understand that there may still be bugs and errors. Use it at your own risk.
We take no responsibility for any errors or omissions in this package or for any misfortune that may befall you or others as a result of its use.

Please report bugs at: http://www.mixmod.org/article.php3?id_article=23

More information on : www.mixmod.org</code></pre>
<pre><code>Loading required package: parallel</code></pre>
<pre class="r"><code>obj &lt;- SelvarClustLasso(x=x, nbcluster=3:5, models=mixmodGaussianModel(family = &quot;spherical&quot;), nbcores=8)</code></pre>
<pre><code>variable  ranking
SRUW selection with BIC criterion
model selection  with BIC criterion</code></pre>
<p><strong>Model Summary</strong></p>
<pre class="r"><code># Summary of the selected model
summary(obj)</code></pre>
<pre><code>Criterion: BIC 
Criterion value: -94401.89 
Number of clusters: 4 
Gaussian mixture model: Gaussian_p_L_I 
Regression covariance model: LC 
Independent covariance model: LI 
The SRUW model:
 S: 1 2 
 R: 1 2 
 U: 3 4 5 6 7 8 9 10 11 
 W: 14 13 12 </code></pre>
<ul>
<li><a href="#top">Go to the top</a></li>
</ul>
<p><strong>Result print</strong></p>
<pre class="r"><code># print clustering and regression parameters 
print(obj)</code></pre>
<pre><code>$S
[1] 1 2

$R
[1] 1 2

$U
[1]  3  4  5  6  7  8  9 10 11

$W
[1] 14 13 12

$criterionValue
[1] -94401.89

$criterion
[1] &quot;BIC&quot;

$model
[1] &quot;Gaussian_p_L_I&quot;

$rmodel
[1] &quot;LC&quot;

$imodel
[1] &quot;LI&quot;

$parameters
****************************************
*** Cluster 1 
* proportion =  0.2500 
* means      =  0.0217 -0.0607 
* variances  = |     0.9688     0.0000 |
               |     0.0000     0.9688 |
*** Cluster 2 
* proportion =  0.2500 
* means      =  0.0409 3.0219 
* variances  = |     0.9688     0.0000 |
               |     0.0000     0.9688 |
*** Cluster 3 
* proportion =  0.2500 
* means      =  3.0345 0.0081 
* variances  = |     0.9688     0.0000 |
               |     0.0000     0.9688 |
*** Cluster 4 
* proportion =  0.2500 
* means      =  2.9670 2.8851 
* variances  = |     0.9688     0.0000 |
               |     0.0000     0.9688 |
****************************************

$nbcluster
[1] 4

$partition
   [1] 2 3 4 1 2 4 1 3 2 2 4 4 2 3 2 3 1 2 4 1 4 4 4 4 1 1 1 3 2 2 4 4 3 2
  [35] 1 4 2 2 1 4 4 4 1 3 2 1 1 1 3 2 4 1 4 4 1 1 1 2 2 2 1 1 2 1 1 2 1 1
  [69] 3 3 1 1 4 2 3 1 3 1 4 1 4 3 3 1 2 3 4 2 3 4 1 3 4 4 1 3 3 3 3 4 3 4
 [103] 1 3 3 1 4 2 3 4 3 4 1 1 1 1 2 2 2 4 4 3 1 3 4 4 3 4 2 2 1 3 2 2 1 3
 [137] 2 1 3 1 2 3 1 2 2 4 4 3 4 4 4 4 1 2 3 2 3 2 4 2 3 3 3 3 4 1 4 4 1 3
 [171] 3 3 1 4 3 2 3 3 4 4 2 2 2 2 2 3 3 3 4 3 2 2 1 3 3 3 3 4 3 4 4 2 4 4
 [205] 1 1 2 1 3 3 3 3 2 4 3 3 1 1 1 2 3 1 2 3 2 1 1 1 2 3 3 1 3 4 2 1 1 3
 [239] 1 2 3 4 2 3 4 3 3 1 1 3 3 2 3 1 3 3 2 4 4 1 4 3 3 4 4 3 4 1 3 4 2 2
 [273] 2 3 3 4 2 3 2 4 1 2 3 3 3 4 2 3 3 1 3 3 2 2 3 4 3 4 4 3 1 4 2 4 1 3
 [307] 2 1 2 3 1 2 2 3 2 4 3 1 4 1 2 1 1 2 1 3 2 3 2 3 3 1 1 1 1 2 2 2 4 4
 [341] 2 1 3 3 3 1 4 2 2 1 3 2 4 1 2 2 4 1 1 3 2 1 4 2 2 4 4 1 2 1 3 1 3 4
 [375] 1 2 3 4 3 1 4 3 3 3 4 2 4 2 3 2 4 2 2 1 3 3 2 2 1 1 2 1 1 3 4 2 1 1
 [409] 1 4 3 2 1 2 3 2 3 2 2 1 3 2 2 3 4 1 4 4 4 1 1 4 1 1 1 4 3 4 2 3 1 3
 [443] 2 4 2 4 2 3 1 1 3 2 3 2 2 2 4 1 1 3 3 2 2 1 4 1 3 3 2 3 3 3 4 3 1 3
 [477] 3 1 1 4 3 2 2 3 2 4 4 4 4 3 2 4 1 4 2 1 2 1 1 2 2 3 2 2 2 1 4 2 2 4
 [511] 2 4 3 2 2 3 1 3 2 2 3 4 4 2 3 1 1 3 4 4 3 3 2 3 4 2 4 4 1 2 1 3 3 4
 [545] 1 4 1 1 4 1 3 4 4 2 4 4 4 4 3 2 4 1 1 3 2 4 2 1 3 3 4 3 1 1 3 4 2 2
 [579] 2 1 2 1 4 3 1 2 1 1 4 1 1 3 2 2 2 4 3 1 4 4 4 4 4 1 2 4 2 3 2 3 3 4
 [613] 4 3 4 2 2 1 2 3 1 2 2 3 1 4 3 4 3 4 4 1 3 3 3 2 1 3 2 3 4 2 3 4 4 4
 [647] 3 3 1 4 2 1 4 2 1 1 1 3 2 1 2 4 3 4 1 4 2 3 4 3 3 2 4 4 3 1 3 3 4 2
 [681] 3 1 2 4 1 1 2 4 3 2 2 4 1 3 1 3 1 2 4 1 1 2 3 3 4 4 4 3 3 3 4 2 2 1
 [715] 3 2 1 3 1 2 3 2 1 2 1 2 3 2 4 4 4 3 2 3 3 2 4 1 2 4 3 3 3 3 3 1 4 4
 [749] 4 2 4 2 3 4 4 1 3 3 1 3 1 3 1 2 4 2 4 2 2 4 2 3 3 1 1 4 1 1 1 2 3 2
 [783] 3 1 2 2 4 1 2 4 1 2 2 1 3 3 3 4 1 1 3 2 1 2 2 2 1 3 4 3 1 2 3 2 1 4
 [817] 3 4 4 2 3 4 2 2 1 2 4 2 2 2 1 2 2 3 3 2 2 3 2 3 2 3 4 1 4 1 2 2 4 3
 [851] 2 2 4 2 4 4 2 3 2 3 2 1 4 4 2 4 2 1 4 3 2 3 2 1 1 4 4 3 1 1 4 2 1 2
 [885] 1 4 4 3 4 3 1 2 4 3 1 4 1 1 1 2 3 1 2 4 3 3 4 4 3 1 4 1 1 2 1 2 1 1
 [919] 1 4 2 1 4 2 1 4 1 3 3 2 4 3 2 3 2 1 4 2 2 2 2 2 1 2 3 2 3 4 1 1 1 2
 [953] 4 4 1 2 3 3 4 2 2 4 2 4 2 2 1 1 1 3 4 1 2 4 3 4 4 1 2 2 3 2 4 1 4 2
 [987] 3 3 3 3 4 3 3 3 2 1 2 4 3 4
 [ reached getOption(&quot;max.print&quot;) -- omitted 1000 entries ]

$proba
                [,1]         [,2]         [,3]         [,4]
   [1,] 3.927227e-02 9.586516e-01 7.091656e-05 2.005223e-03
   [2,] 1.967575e-02 3.971300e-04 9.532582e-01 2.666890e-02
   [3,] 1.826855e-02 4.228019e-01 2.397072e-02 5.349588e-01
   [4,] 6.874153e-01 2.994732e-01 8.072191e-03 5.039324e-03
   [5,] 4.469782e-03 9.805056e-01 7.239364e-05 1.495218e-02
   [6,] 2.715698e-06 5.293535e-05 6.496310e-02 9.349813e-01
   [7,] 9.690560e-01 2.799083e-05 3.091364e-02 2.347971e-06
   [8,] 3.537895e-01 4.244935e-04 6.443688e-01 1.417189e-03
   [9,] 1.434927e-01 8.550381e-01 1.694992e-04 1.299678e-03
  [10,] 4.547865e-02 9.515693e-01 1.169567e-04 2.835068e-03
  [11,] 2.238404e-05 2.140585e-04 1.144939e-01 8.852696e-01
  [12,] 3.761243e-06 4.037034e-03 1.454648e-03 9.945046e-01
  [13,] 1.871607e-03 9.658529e-01 7.186837e-05 3.220358e-02
  [14,] 6.081632e-03 6.356586e-04 8.821447e-01 1.111380e-01
  [15,] 1.906618e-02 9.788893e-01 3.551286e-05 2.009046e-03
  [16,] 2.097588e-01 6.953780e-02 5.090362e-01 2.116671e-01
  [17,] 9.636998e-01 2.096305e-04 3.607257e-02 1.797584e-05
  [18,] 9.570326e-03 9.904017e-01 2.252523e-07 2.776086e-05
  [19,] 7.643081e-05 1.100443e-03 7.765434e-02 9.211688e-01
  [20,] 9.258888e-01 7.192644e-02 1.931685e-03 2.530721e-04
  [21,] 1.104386e-03 2.182060e-01 4.855292e-03 7.758343e-01
  [22,] 5.328890e-06 2.418711e-02 3.529885e-04 9.754546e-01
  [23,] 2.685292e-06 2.455353e-01 1.541725e-05 7.544466e-01
  [24,] 4.438840e-04 9.133919e-02 5.603580e-03 9.026133e-01
  [25,] 9.971918e-01 1.615282e-03 1.188682e-03 4.260029e-06
  [26,] 6.729895e-01 4.518318e-04 3.261257e-01 4.329954e-04
  [27,] 8.930872e-01 3.534246e-03 1.026344e-01 7.441730e-04
  [28,] 6.289803e-03 4.823229e-05 9.828892e-01 1.077280e-02
  [29,] 1.438136e-05 9.997291e-01 5.145307e-09 2.565320e-04
  [30,] 1.433383e-01 5.084633e-01 6.989276e-02 2.783056e-01
  [31,] 4.935461e-04 2.049189e-03 2.074701e-01 7.899872e-01
  [32,] 6.587799e-04 2.386294e-02 3.082893e-02 9.446493e-01
  [33,] 5.663285e-04 3.567091e-05 9.311630e-01 6.823495e-02
  [34,] 5.053338e-04 8.816031e-01 8.797286e-05 1.178036e-01
  [35,] 9.049742e-01 4.599398e-04 9.446486e-02 1.010094e-04
  [36,] 6.829214e-06 1.384137e-03 7.074762e-03 9.915343e-01
  [37,] 8.457167e-03 9.378624e-01 5.052066e-04 5.317525e-02
  [38,] 1.762666e-04 9.924675e-01 1.693614e-06 7.354588e-03
  [39,] 7.745548e-01 2.214332e-01 2.794746e-03 1.217289e-03
  [40,] 6.386840e-04 3.131571e-02 2.307331e-02 9.449723e-01
  [41,] 5.378828e-04 8.195133e-02 7.501301e-03 9.100095e-01
  [42,] 2.076606e-05 2.202282e-02 1.373970e-03 9.765824e-01
  [43,] 9.998043e-01 4.546366e-05 1.502553e-04 2.029749e-08
  [44,] 1.214029e-01 4.244697e-04 8.731575e-01 5.015142e-03
  [45,] 9.056549e-04 7.264799e-01 4.321365e-04 2.721823e-01
  [46,] 9.980862e-01 1.659855e-03 2.529865e-04 9.709416e-07
  [47,] 9.902321e-01 7.296550e-03 2.436150e-03 3.520363e-05
  [48,] 9.897214e-01 8.243550e-03 2.002390e-03 3.262476e-05
  [49,] 9.526389e-04 9.229859e-07 9.975460e-01 1.500451e-03
  [50,] 1.572483e-01 8.336542e-01 1.209931e-03 7.887518e-03
  [51,] 6.832196e-05 4.851255e-03 1.785936e-02 9.772211e-01
  [52,] 9.893687e-01 2.945841e-03 7.639579e-03 4.584815e-05
  [53,] 7.307683e-06 1.384729e-02 8.182964e-04 9.853271e-01
  [54,] 1.223234e-08 2.181720e-04 1.160024e-04 9.996658e-01
  [55,] 9.871987e-01 8.504336e-03 4.227335e-03 6.958200e-05
  [56,] 4.816640e-01 1.586456e-02 4.788396e-01 2.363183e-02
  [57,] 9.930125e-01 6.917299e-03 6.917533e-05 1.049436e-06
  [58,] 1.096520e-03 9.451455e-01 7.543563e-05 5.368252e-02
  [59,] 3.885417e-03 9.814219e-01 6.206980e-05 1.463063e-02
  [60,] 3.645092e-03 9.770894e-01 7.763994e-05 1.918790e-02
  [61,] 7.371414e-01 2.303793e-01 2.246824e-02 1.001105e-02
  [62,] 9.979276e-01 3.836106e-04 1.687230e-03 1.562395e-06
  [63,] 7.966060e-05 9.967789e-01 3.351616e-07 3.141064e-03
  [64,] 9.735758e-01 2.604237e-02 3.633889e-04 1.846877e-05
  [65,] 9.842868e-01 1.539607e-02 3.076533e-04 9.520944e-06
  [66,] 4.365272e-02 9.286062e-01 1.153789e-03 2.658733e-02
  [67,] 9.613672e-01 5.175527e-03 3.312596e-02 3.313015e-04
  [68,] 9.610286e-01 2.839588e-02 1.006482e-02 5.106842e-04
  [69,] 6.742088e-04 9.213801e-09 9.992980e-01 2.781607e-05
  [70,] 1.700367e-01 2.347740e-04 8.277100e-01 2.018435e-03
  [71,] 9.437598e-01 5.420929e-02 1.847919e-03 1.829423e-04
  [72,] 9.288017e-01 3.315881e-03 6.743249e-02 4.499194e-04
  [73,] 3.953480e-05 4.214126e-04 1.028053e-01 8.967338e-01
  [74,] 5.739855e-02 9.412582e-01 6.469414e-05 1.278582e-03
  [75,] 7.680166e-02 1.530300e-03 8.958834e-01 2.578465e-02
  [76,] 8.424371e-01 4.254538e-05 1.575012e-01 1.917197e-05
  [77,] 1.929868e-02 2.928158e-03 8.253117e-01 1.524615e-01
  [78,] 9.998247e-01 8.825956e-06 1.664549e-04 4.850102e-09
  [79,] 2.083790e-04 5.625396e-03 4.261283e-02 9.515534e-01
  [80,] 9.939853e-01 7.278168e-04 5.278252e-03 8.637291e-06
  [81,] 2.540678e-03 6.380374e-03 2.854809e-01 7.055980e-01
  [82,] 3.328933e-03 1.036609e-06 9.961322e-01 5.378168e-04
  [83,] 3.005701e-02 6.308004e-04 9.416504e-01 2.766181e-02
  [84,] 9.340963e-01 5.808953e-03 5.942641e-02 6.683203e-04
  [85,] 2.026999e-02 9.741002e-01 1.069575e-04 5.522868e-03
  [86,] 3.156336e-03 2.631814e-04 9.059322e-01 9.064830e-02
  [87,] 1.062252e-04 2.142417e-04 3.533154e-01 6.463642e-01
  [88,] 1.137728e-02 9.500505e-01 4.668620e-04 3.810534e-02
  [89,] 2.918092e-02 1.692292e-05 9.698061e-01 9.961073e-04
  [90,] 2.530658e-05 2.737730e-04 1.027115e-01 8.969895e-01
  [91,] 6.511595e-01 1.683843e-01 1.333084e-01 4.714776e-02
  [92,] 1.797882e-03 3.031827e-05 9.766026e-01 2.156924e-02
  [93,] 7.739018e-04 3.745833e-03 1.820865e-01 8.133938e-01
  [94,] 2.080802e-03 6.171888e-02 3.443815e-02 9.017622e-01
  [95,] 6.285770e-01 2.344518e-03 3.666761e-01 2.402378e-03
  [96,] 6.498381e-02 7.031908e-05 9.331882e-01 1.757638e-03
  [97,] 1.219754e-05 5.655568e-09 9.993204e-01 6.673598e-04
  [98,] 8.672963e-05 7.233869e-07 9.895256e-01 1.038693e-02
  [99,] 1.765698e-02 1.773006e-03 8.715214e-01 1.090486e-01
 [100,] 7.436494e-04 2.001260e-01 3.744274e-03 7.953861e-01
 [101,] 8.593357e-02 4.275668e-04 9.064785e-01 7.160359e-03
 [102,] 1.148330e-05 5.290851e-03 3.164468e-03 9.915332e-01
 [103,] 8.953584e-01 1.001511e-01 3.803991e-03 6.865302e-04
 [104,] 2.936782e-02 1.779317e-04 9.616130e-01 8.841281e-03
 [105,] 1.525908e-01 6.091964e-03 7.964367e-01 4.488060e-02
 [106,] 9.928809e-01 2.328544e-04 6.882348e-03 3.859581e-06
 [107,] 1.683268e-03 9.992802e-02 1.736466e-02 8.810240e-01
 [108,] 3.036584e-02 9.695618e-01 1.762304e-06 7.059245e-05
 [109,] 3.118323e-02 5.502889e-04 9.446418e-01 2.362473e-02
 [110,] 1.690039e-06 7.160155e-04 3.643026e-03 9.956393e-01
 [111,] 5.777889e-02 3.677333e-04 9.326925e-01 9.160857e-03
 [112,] 1.207462e-04 1.424247e-03 9.135235e-02 9.071027e-01
 [113,] 6.262632e-01 3.003056e-04 3.730769e-01 3.596200e-04
 [114,] 9.713562e-01 2.115687e-02 7.209120e-03 2.778251e-04
 [115,] 5.641565e-01 3.842183e-01 2.702157e-02 2.460361e-02
 [116,] 9.788199e-01 7.231172e-04 2.042458e-02 3.241833e-05
 [117,] 2.589736e-02 9.589925e-01 3.745864e-04 1.473560e-02
 [118,] 2.800914e-03 9.957436e-01 4.183694e-06 1.451319e-03
 [119,] 4.507548e-02 9.540534e-01 3.300915e-05 8.381386e-04
 [120,] 1.019842e-03 1.963362e-01 5.133142e-03 7.975108e-01
 [121,] 6.521491e-05 7.497132e-03 1.130063e-02 9.811370e-01
 [122,] 1.708731e-01 1.353133e-04 8.277903e-01 1.201214e-03
 [123,] 8.866534e-01 1.112143e-01 1.769213e-03 3.630555e-04
 [124,] 1.792006e-02 2.513129e-03 8.363709e-01 1.431959e-01
 [125,] 8.664333e-05 2.939912e-01 3.083953e-04 7.056138e-01
 [126,] 1.154195e-05 8.594510e-02 2.005122e-04 9.138428e-01
 [127,] 5.073631e-03 9.708732e-06 9.919620e-01 2.954706e-03
 [128,] 2.542112e-04 7.749960e-03 3.780077e-02 9.541951e-01
 [129,] 3.516764e-03 9.959256e-01 1.925333e-06 5.556887e-04
 [130,] 1.063284e-03 9.911946e-01 9.532021e-06 7.732600e-03
 [131,] 5.676556e-01 1.781895e-03 4.281918e-01 2.370713e-03
 [132,] 2.579987e-03 6.457277e-06 9.936827e-01 3.730814e-03
 [133,] 5.309099e-02 9.340808e-01 6.181334e-04 1.221009e-02
 [134,] 7.159679e-05 9.975394e-01 2.287523e-07 2.388785e-03
 [135,] 9.999848e-01 2.950220e-06 1.220306e-05 1.375851e-10
 [136,] 3.053775e-04 1.748180e-06 9.920996e-01 7.593297e-03
 [137,] 7.197862e-03 9.926746e-01 8.222796e-07 1.267083e-04
 [138,] 9.255138e-01 2.898285e-04 7.414557e-02 5.081811e-05
 [139,] 2.195358e-01 6.986728e-03 7.393430e-01 3.413441e-02
 [140,] 9.998989e-01 1.670332e-05 8.435714e-05 4.546372e-09
 [141,] 3.487194e-04 9.281697e-01 3.541515e-05 7.144618e-02
 [142,] 2.542774e-02 1.213336e-06 9.744743e-01 9.673127e-05
 [143,] 9.999365e-01 7.871678e-06 5.567436e-05 1.503643e-09
 [144,] 8.514271e-02 9.147385e-01 7.767483e-06 1.110669e-04
 [145,] 4.878418e-03 9.950397e-01 3.627553e-07 8.154980e-05
 [146,] 2.677661e-03 4.447009e-02 5.914788e-02 8.937044e-01
 [147,] 1.993136e-02 4.358492e-01 2.450920e-02 5.197102e-01
 [148,] 1.138482e-03 3.178972e-05 9.651190e-01 3.371075e-02
 [149,] 2.741079e-06 1.312343e-05 2.104198e-01 7.895644e-01
 [150,] 3.456556e-03 3.421385e-01 7.568631e-03 6.468363e-01
 [151,] 1.644002e-06 1.086703e-03 2.379692e-03 9.965320e-01
 [152,] 5.510577e-08 1.352627e-03 8.157886e-05 9.985657e-01
 [153,] 9.359299e-01 3.893444e-02 2.353247e-02 1.603189e-03
 [154,] 3.463023e-05 9.995706e-01 1.818806e-08 3.947048e-04
 [155,] 1.349085e-02 5.429971e-04 9.365515e-01 4.941469e-02
 [156,] 7.980534e-03 9.875039e-01 3.569831e-05 4.479882e-03
 [157,] 2.086320e-03 1.532717e-08 9.978976e-01 1.606416e-05
 [158,] 2.818899e-01 7.143258e-01 8.684260e-04 2.915925e-03
 [159,] 1.082371e-05 5.337496e-04 2.663195e-02 9.728235e-01
 [160,] 8.276203e-04 9.960961e-01 2.905960e-06 3.073335e-03
 [161,] 3.953436e-04 1.380185e-06 9.947711e-01 4.832188e-03
 [162,] 1.917219e-01 1.010301e-02 7.434239e-01 5.475119e-02
 [163,] 3.575951e-01 1.127134e-04 6.418869e-01 4.052544e-04
 [164,] 4.890164e-03 1.959480e-05 9.892198e-01 5.870423e-03
 [165,] 1.444742e-04 3.814010e-02 4.839300e-03 9.568761e-01
 [166,] 9.762605e-01 2.812940e-03 2.080886e-02 1.176732e-04
 [167,] 8.349553e-06 1.615806e-03 7.349168e-03 9.910267e-01
 [168,] 2.465870e-03 3.856409e-02 6.298141e-02 8.959886e-01
 [169,] 9.290360e-01 2.776316e-02 4.117413e-02 2.026710e-03
 [170,] 3.231289e-03 2.399445e-05 9.864502e-01 1.029452e-02
 [171,] 1.948414e-02 1.593544e-04 9.687083e-01 1.164821e-02
 [172,] 9.524467e-03 1.844617e-07 9.904342e-01 4.116981e-05
 [173,] 9.915853e-01 1.044104e-03 7.353900e-03 1.673564e-05
 [174,] 6.022299e-06 7.326260e-06 4.897025e-01 5.102842e-01
 [175,] 4.505363e-02 3.578242e-02 4.833839e-01 4.357800e-01
 [176,] 3.764521e-02 9.619437e-01 1.287140e-05 3.981942e-04
 [177,] 9.066361e-03 5.189315e-05 9.826009e-01 8.280836e-03
 [178,] 3.699706e-03 8.756282e-05 9.663080e-01 2.990477e-02
 [179,] 7.869378e-07 3.412306e-03 3.985500e-04 9.961884e-01
 [180,] 8.175986e-05 4.446445e-02 2.446128e-03 9.530077e-01
 [181,] 3.242475e-04 9.993065e-01 1.365631e-07 3.691158e-04
 [182,] 2.619919e-02 6.328250e-01 1.372754e-02 3.272482e-01
 [183,] 2.080616e-02 9.753730e-01 7.343131e-05 3.747394e-03
 [184,] 2.558907e-04 9.990801e-01 2.004182e-07 6.638410e-04
 [185,] 7.857379e-03 9.869898e-01 4.032875e-05 5.112538e-03
 [186,] 1.000646e-02 6.337654e-03 5.801046e-01 4.035513e-01
 [187,] 3.447802e-04 2.274139e-07 9.986359e-01 1.019057e-03
 [188,] 5.738059e-03 1.353518e-03 7.818638e-01 2.110447e-01
 [189,] 4.995381e-05 9.691653e-04 6.018943e-02 9.387914e-01
 [190,] 4.356645e-02 1.189032e-03 9.203033e-01 3.494118e-02
 [191,] 7.364384e-03 9.728567e-01 1.536874e-04 1.962519e-02
 [192,] 3.723356e-02 9.585480e-01 1.401301e-04 4.078294e-03
 [193,] 9.858654e-01 2.907621e-03 1.116135e-02 6.567454e-05
 [194,] 1.331753e-01 4.340892e-03 8.242363e-01 3.824745e-02
 [195,] 3.645325e-01 6.600858e-03 6.118514e-01 1.701532e-02
 [196,] 1.288574e-05 6.503123e-06 6.831677e-01 3.168129e-01
 [197,] 1.592726e-03 8.142421e-06 9.912456e-01 7.153557e-03
 [198,] 3.765769e-02 2.597539e-01 8.683932e-02 6.157490e-01
 [199,] 6.211376e-02 9.925126e-04 9.155926e-01 2.130109e-02
 [200,] 2.463538e-04 3.029310e-01 7.824842e-04 6.960401e-01
 [201,] 9.959610e-11 1.977046e-05 1.317304e-05 9.999671e-01
 [202,] 2.054490e-02 6.062759e-01 1.260166e-02 3.605775e-01
 [203,] 4.733603e-04 2.224417e-02 2.445372e-02 9.528288e-01
 [204,] 1.074196e-06 2.402207e-03 7.469031e-04 9.968498e-01
 [205,] 6.534634e-01 3.435055e-01 1.706295e-03 1.324776e-03
 [206,] 9.970327e-01 1.091480e-03 1.871271e-03 4.591619e-06
 [207,] 9.732226e-04 9.981380e-01 9.397425e-07 8.878302e-04
 [208,] 9.972253e-01 1.466630e-03 1.303851e-03 4.258568e-06
 [209,] 4.214537e-01 1.832375e-04 5.778666e-01 4.964451e-04
 [210,] 1.056107e-02 7.315331e-04 9.095161e-01 7.919130e-02
 [211,] 6.851682e-03 9.195135e-05 9.749853e-01 1.807109e-02
 [212,] 4.465770e-03 1.477689e-04 9.547510e-01 4.063542e-02
 [213,] 3.180731e-02 6.462002e-01 1.508983e-02 3.069026e-01
 [214,] 1.576833e-06 6.297153e-02 4.339320e-05 9.369835e-01
 [215,] 1.604150e-01 1.246259e-02 7.483399e-01 7.878251e-02
 [216,] 5.723652e-05 1.715173e-07 9.959716e-01 3.970986e-03
 [217,] 9.208156e-01 7.676516e-02 2.122980e-03 2.962511e-04
 [218,] 9.989774e-01 1.856171e-04 8.365454e-04 4.007587e-07
 [219,] 9.941909e-01 5.624687e-03 1.821530e-04 2.213819e-06
 [220,] 9.380900e-05 9.997271e-01 2.040540e-08 1.790382e-04
 [221,] 5.789575e-02 2.994277e-04 9.342453e-01 7.559548e-03
 [222,] 8.044426e-01 1.326513e-01 5.072156e-02 1.218457e-02
 [223,] 1.182886e-02 7.503325e-01 3.931219e-03 2.339074e-01
 [224,] 9.778355e-04 8.830864e-05 9.045977e-01 9.433618e-02
 [225,] 1.160451e-01 8.800645e-01 3.764929e-04 3.513938e-03
 [226,] 9.716248e-01 1.776139e-02 1.028080e-02 3.330260e-04
 [227,] 5.300147e-01 4.686827e-01 5.677857e-04 7.348690e-04
 [228,] 9.977701e-01 1.338036e-03 8.892133e-04 2.693522e-06
 [229,] 2.821671e-03 8.688203e-01 4.822554e-04 1.278758e-01
 [230,] 2.052894e-01 8.909648e-05 7.939603e-01 6.612237e-04
 [231,] 2.211070e-01 8.137431e-05 7.782545e-01 5.571237e-04
 [232,] 9.931008e-01 7.510840e-04 6.137764e-03 1.030750e-05
 [233,] 2.667466e-03 1.992689e-03 5.583675e-01 4.369723e-01
 [234,] 3.983954e-05 1.043935e-01 5.165844e-04 8.950500e-01
 [235,] 1.213067e-03 9.970738e-01 2.268927e-06 1.710842e-03
 [236,] 7.663661e-01 2.334541e-01 1.193917e-04 6.032407e-05
 [237,] 9.929553e-01 2.304049e-03 4.717877e-03 2.274277e-05
 [238,] 2.339225e-03 2.523020e-04 8.855975e-01 1.118110e-01
 [239,] 9.592970e-01 1.690844e-02 2.308838e-02 7.062166e-04
 [240,] 1.851759e-01 8.137204e-01 1.618482e-04 9.417950e-04
 [241,] 1.121192e-01 7.481255e-05 8.867246e-01 1.081409e-03
 [242,] 3.070563e-04 4.757268e-02 7.794710e-03 9.443256e-01
 [243,] 2.057228e-03 5.125878e-01 2.342479e-03 4.830125e-01
 [244,] 2.637385e-01 8.847597e-04 7.312252e-01 4.151501e-03
 [245,] 2.428498e-03 1.355289e-02 1.563569e-01 8.276617e-01
 [246,] 2.201645e-05 3.935879e-06 8.492222e-01 1.507518e-01
 [247,] 1.282418e-02 4.724522e-04 9.410611e-01 4.564222e-02
 [248,] 9.964693e-01 3.406781e-03 1.229365e-04 9.439658e-07
 [249,] 9.504336e-01 4.838794e-02 1.081313e-03 9.712572e-05
 [250,] 1.026137e-03 1.010209e-03 5.018371e-01 4.961266e-01
 [ getOption(&quot;max.print&quot;) est atteint -- 1750 lignes omises ]

$regparameters
                  3           4          5          6          7
intercept 0.8955058  0.91583873  0.9756543  0.9668664  0.9979245
1         0.5086800  2.01156693 -0.0186641 -1.0231808  1.9828448
2         1.0166012 -0.02518655  3.0110172  2.0015700 -4.0198483
                     8         9         10        11
intercept  0.846165781 0.8630311 0.88161925 0.8946564
1          0.521229074 4.0049986 2.98323243 2.0136865
2         -0.008883697 0.5097855 0.01598624 1.0115493

attr(,&quot;class&quot;)
[1] &quot;selvarmix&quot;</code></pre>
<ul>
<li><a href="#top">Go to the top</a></li>
</ul>
<p><a id="discrim"></a> <strong>Variable selection in classification</strong></p>
<pre class="r"><code># Discriminant analysis with learning and testing data
# Variable selection with parallel computing (8 cores)
xl &lt;- x[1:1900,]; xt &lt;- x[1901:2000,] 
zl &lt;- z[1:1900]; zt &lt;- z[1901:2000]
obj &lt;- SelvarLearnLasso(x=xl, z=zl, models=mixmodGaussianModel(family = &quot;spherical&quot;), xtest=xt, ztest=zt,nbcores=8)</code></pre>
<pre><code>variable  ranking
SRUW  selection with BIC criterion
model selection with BIC criterion</code></pre>
<p><strong>Model Summary</strong></p>
<pre class="r"><code># Summary of the selected model
summary(obj)</code></pre>
<pre><code>Criterion: BIC 
Criterion value: -90917.73 
Number of clusters: 
Gaussian mixture model: Gaussian_p_L_I 
Prediction error: 0.14 
Regression covariance model: LC 
Independent covariance model: LI 
The SRUW model:
 S: 1 2 
 R: 1 2 
 U: 3 4 5 6 7 8 9 10 11 
 W: 14 13 12 </code></pre>
<ul>
<li><a href="#top">Go to the top</a></li>
</ul>
<p><strong>Result print</strong></p>
<pre class="r"><code># print clustering and regression parameters 
print(obj)</code></pre>
<pre><code>$S
[1] 1 2

$R
[1] 1 2

$U
[1]  3  4  5  6  7  8  9 10 11

$W
[1] 14 13 12

$criterionValue
[1] -90917.73

$criterion
[1] &quot;BIC&quot;

$model
[1] &quot;Gaussian_p_L_I&quot;

$rmodel
[1] &quot;LC&quot;

$imodel
[1] &quot;LI&quot;

$parameters
****************************************
*** Cluster 1 
* proportion =  0.2500 
* means      =  0.0348 -0.0533 
* variances  = |     0.9721     0.0000 |
               |     0.0000     0.9721 |
*** Cluster 2 
* proportion =  0.2500 
* means      =  2.9986 0.0349 
* variances  = |     0.9721     0.0000 |
               |     0.0000     0.9721 |
*** Cluster 3 
* proportion =  0.2500 
* means      =  0.0656 3.0287 
* variances  = |     0.9721     0.0000 |
               |     0.0000     0.9721 |
*** Cluster 4 
* proportion =  0.2500 
* means      =  3.0066 2.8858 
* variances  = |     0.9721     0.0000 |
               |     0.0000     0.9721 |
****************************************

$partition
  [1] 2 2 1 2 2 3 1 3 4 4 2 1 4 4 2 3 3 1 4 3 1 2 3 3 4 4 4 4 1 4 2 1 1 1 4
 [36] 3 4 1 1 3 2 4 1 4 4 3 4 4 1 4 1 1 4 2 4 1 3 3 3 2 4 2 3 3 1 2 4 2 4 4
 [71] 1 2 3 4 1 4 4 2 3 3 2 3 3 3 2 4 1 4 1 2 1 4 2 1 2 2 4 1 3 4

$proba
               [,1]         [,2]         [,3]         [,4]
  [1,] 6.185989e-05 6.886467e-01 2.733219e-05 3.112641e-01
  [2,] 4.203934e-02 9.498698e-01 2.347828e-04 7.856033e-03
  [3,] 8.365892e-01 8.107904e-03 1.535125e-01 1.790325e-03
  [4,] 3.582748e-01 5.510838e-01 3.137694e-02 5.926446e-02
  [5,] 3.033184e-02 9.675364e-01 3.983495e-05 2.091966e-03
  [6,] 5.063041e-04 2.526173e-09 9.994905e-01 3.157730e-06
  [7,] 9.540513e-01 4.330595e-02 2.459854e-03 1.828969e-04
  [8,] 2.531526e-03 2.264321e-06 9.968517e-01 6.144693e-04
  [9,] 9.012219e-05 5.646768e-04 2.199729e-01 7.793723e-01
 [10,] 3.596072e-07 3.428000e-03 1.721589e-04 9.963995e-01
 [11,] 5.825276e-02 9.397715e-01 7.097838e-05 1.904758e-03
 [12,] 8.954089e-01 3.977629e-04 1.041345e-01 5.884084e-05
 [13,] 4.441144e-08 1.423686e-04 6.587438e-04 9.991988e-01
 [14,] 1.692887e-03 1.412176e-01 1.176819e-02 8.453213e-01
 [15,] 7.054940e-03 9.849273e-01 3.905564e-05 7.978684e-03
 [16,] 2.484031e-04 1.456540e-04 7.506170e-01 2.489889e-01
 [17,] 1.070118e-01 2.449355e-03 8.725523e-01 1.798658e-02
 [18,] 9.993364e-01 6.262334e-04 3.727799e-05 5.411335e-08
 [19,] 1.553371e-03 4.280097e-02 4.230956e-02 9.133361e-01
 [20,] 2.589152e-04 2.978191e-05 9.387677e-01 6.094362e-02
 [21,] 9.998824e-01 7.003944e-06 1.105480e-04 1.706037e-09
 [22,] 3.910003e-04 9.929294e-01 1.809064e-06 6.677824e-03
 [23,] 2.299252e-04 2.552573e-04 6.127577e-01 3.867571e-01
 [24,] 7.016041e-03 9.710633e-05 9.829480e-01 9.938871e-03
 [25,] 2.844854e-05 2.027126e-03 2.263647e-02 9.753080e-01
 [26,] 1.280404e-08 9.247216e-05 3.047587e-04 9.996028e-01
 [27,] 3.306946e-06 7.718066e-04 7.674843e-03 9.915500e-01
 [28,] 1.096452e-05 1.908954e-03 9.509933e-03 9.885701e-01
 [29,] 8.814542e-01 7.603219e-02 3.816641e-02 4.347239e-03
 [30,] 2.525020e-02 2.208579e-01 8.291941e-02 6.709725e-01
 [31,] 1.546161e-02 8.457827e-01 2.158475e-03 1.365972e-01
 [32,] 6.894515e-01 2.577202e-01 3.564231e-02 1.718601e-02
 [33,] 8.942424e-01 7.318069e-02 2.933878e-02 3.238102e-03
 [34,] 9.896220e-01 1.999445e-04 1.017494e-02 3.152380e-06
 [35,] 4.128121e-04 3.111102e-01 9.935951e-04 6.874834e-01
 [36,] 5.291431e-03 1.037150e-06 9.945640e-01 1.434863e-04
 [37,] 1.164910e-05 2.547181e-04 8.105577e-02 9.186779e-01
 [38,] 7.273554e-01 2.710608e-01 9.704690e-04 6.133296e-04
 [39,] 9.243502e-01 7.561658e-02 2.801596e-05 5.213211e-06
 [40,] 1.649534e-01 7.916571e-02 5.197144e-01 2.361664e-01
 [41,] 2.155393e-04 9.971248e-01 3.686173e-07 2.659318e-03
 [42,] 2.977005e-05 3.329584e-04 1.430549e-01 8.565823e-01
 [43,] 6.381736e-01 2.940118e-01 4.286891e-02 2.494565e-02
 [44,] 9.825181e-07 8.268322e-05 2.485028e-02 9.750661e-01
 [45,] 2.736265e-05 1.214639e-02 3.220081e-03 9.846062e-01
 [46,] 1.835720e-02 2.748458e-03 8.766655e-01 1.022288e-01
 [47,] 3.168742e-06 6.157662e-05 9.996415e-02 8.999711e-01
 [48,] 2.535599e-03 1.122210e-01 2.297756e-02 8.622659e-01
 [49,] 9.735752e-01 2.775569e-03 2.355441e-02 9.483229e-05
 [50,] 9.817165e-09 6.455938e-03 2.439806e-06 9.935416e-01
 [51,] 8.995974e-01 1.387991e-02 8.487182e-02 1.650857e-03
 [52,] 9.613580e-01 3.753808e-02 1.033288e-03 7.063355e-05
 [53,] 5.479854e-05 2.453192e-03 3.485908e-02 9.626329e-01
 [54,] 2.420188e-02 9.750502e-01 1.023380e-05 7.376575e-04
 [55,] 3.202506e-06 2.522880e-02 1.728358e-04 9.745952e-01
 [56,] 8.975955e-01 3.370909e-03 9.856765e-02 4.659352e-04
 [57,] 8.416284e-02 1.076434e-03 9.045137e-01 1.024700e-02
 [58,] 5.373190e-04 2.361338e-05 9.738292e-01 2.560988e-02
 [59,] 1.702885e-03 6.160271e-06 9.959037e-01 2.387214e-03
 [60,] 1.251488e-05 5.154906e-01 1.231914e-05 4.844846e-01
 [61,] 4.405361e-02 6.342095e-02 3.965741e-01 4.959514e-01
 [62,] 1.885728e-01 8.090876e-01 2.895701e-04 2.049962e-03
 [63,] 2.415701e-03 1.104496e-05 9.944852e-01 3.088030e-03
 [64,] 2.533919e-01 1.795618e-01 3.306846e-01 2.363618e-01
 [65,] 8.104653e-01 1.713219e-01 1.404130e-02 4.171430e-03
 [66,] 6.227936e-04 9.973365e-01 7.931668e-07 2.039871e-03
 [67,] 1.052916e-04 1.683037e-01 6.076857e-04 8.309834e-01
 [68,] 1.733201e-01 3.759682e-01 1.385895e-01 3.121223e-01
 [69,] 2.754877e-03 3.086925e-02 1.001980e-01 8.661779e-01
 [70,] 9.559444e-04 1.896462e-01 4.611626e-03 8.047863e-01
 [71,] 7.442979e-01 2.413790e-01 9.784086e-03 4.538942e-03
 [72,] 1.145079e-01 8.853623e-01 7.609224e-06 1.222804e-04
 [73,] 6.616885e-03 4.334148e-05 9.886073e-01 4.732447e-03
 [74,] 1.829231e-06 2.590015e-02 9.631738e-05 9.740017e-01
 [75,] 9.914604e-01 3.127157e-04 8.222815e-03 4.029053e-06
 [76,] 7.884796e-10 2.230261e-06 1.043539e-03 9.989542e-01
 [77,] 9.469675e-04 3.962468e-01 1.511659e-03 6.012945e-01
 [78,] 2.228750e-01 7.331883e-01 8.316291e-03 3.562046e-02
 [79,] 2.548720e-01 3.857234e-04 7.436269e-01 1.115339e-03
 [80,] 4.774947e-02 6.342915e-03 8.510416e-01 9.486600e-02
 [81,] 5.437551e-03 9.933153e-01 4.006660e-06 1.243127e-03
 [82,] 3.954904e-03 3.946972e-03 5.818006e-01 4.102975e-01
 [83,] 1.365907e-04 3.163148e-07 9.985907e-01 1.272398e-03
 [84,] 2.531290e-02 1.698067e-06 9.746308e-01 5.458838e-05
 [85,] 4.877181e-04 9.988253e-01 1.915477e-07 6.867849e-04
 [86,] 4.326924e-04 8.234259e-03 7.042503e-02 9.209080e-01
 [87,] 9.883224e-01 1.166242e-02 1.475972e-05 4.233581e-07
 [88,] 2.250309e-05 4.495760e-01 2.931703e-05 5.503722e-01
 [89,] 7.786680e-01 3.932326e-03 2.161206e-01 1.279090e-03
 [90,] 8.771895e-05 9.489552e-01 3.874767e-06 5.095324e-02
 [91,] 9.997071e-01 2.841559e-04 8.755275e-06 6.460135e-09
 [92,] 8.236811e-07 1.770472e-03 7.973672e-04 9.974313e-01
 [93,] 4.321073e-03 8.996911e-01 3.875342e-04 9.560024e-02
 [94,] 9.968937e-01 9.943585e-04 2.108305e-03 3.589803e-06
 [95,] 3.335231e-01 6.373902e-01 8.128145e-03 2.095852e-02
 [96,] 9.686366e-03 9.901053e-01 1.029108e-06 2.073481e-04
